# Asia
1 3,4,10,17,20
3 8,10,1
4 1,16,20,7
8 23,17,10,3,5
10 3,8,1,17
16 4,7,20,24,25
17 23,8,10,1,20
20 17,16,25,29,4,1
23 8,17
24 7,16,25,30,27
25 24,16,20,29
29 31,25,20

# Australia
31 29,35,40
35 40,38,31
38 40,35
40 38,35,31

# Europe
6 7,14,9,15
7 4,16,24,15,22,6
9 0,14,6
14 9,6,15,18
15 6,7,22,18,14
18 15,14,22,26
22 15,18,7,27,26

# Africa
26 18,22,34,27,33,30
27 22,26,24,30
30 24,27,26,33,39,37
33 26,30,37
37 33,30,39
39 37,30

# S. America
32 28,36,34
34 32,36,26,41
36 32,34,41
41 36,34

# N. America
0 9,11,2,13
2 5,12,13,00
5 8,2,12
11 0,13,19
12 5,2,13,21
13 0,2,12,11,21,19
19 13,11,21,28
21 12,13,19,28
28 32,19,21
